-540 636 -541 -102 603 -980 -6 -813 545 -554 : 0 636 0 0 603 0 0 0 545 0
935 -707 425 884 -668 512 : 935 0 425 884 0 512
-638 490 500 -916 391 826 557 253 -496 561 : 0 490 500 0 391 826 557 253 0 561
-217 -978 451 -729 487 274 -695 -704 748 : 0 0 451 0 487 274 0 0 748
-386 -478 -441 597 581 : 0 0 0 597 581
187 -679 603 -657 : 187 0 603 0
-16 -485 -847 -620 51 : 0 0 0 0 51
-868 -53 -183 973 -252 : 0 0 0 973 0
-216 -163 : 0 0
41 424 -996 597 -79 985 -214 -299 -275 699 : 41 424 0 597 0 985 0 0 0 699
676 822 43 349 955 408 : 676 822 43 349 955 408
983 227 -793 823 734 -759 -708 : 983 227 0 823 734 0 0
347 : 347
25 -795 : 25 0
-800 167 -128 -971 856 -864 -391 : 0 167 0 0 856 0 0
-914 -211 828 -935 -265 : 0 0 828 0 0
419 -600 684 : 419 0 684
541 -97 -284 496 338 -413 : 541 0 0 496 338 0
-837 916 -96 182 714 596 -297 -724 -340 : 0 916 0 182 714 596 0 0 0
-748 : 0